--- PAGE 1 ---
IDIOMS/PHRASES
SEE–795
1. (2) 2. (2) 3. (2) 4. (2)
5. (2) 6. (4) 7. (3) 8. (2)
9. (1) 10. (1) 11. (3) 12. (2)
13. (3) 14. (3) 15. (3) 16. (3)
17. (1) 18. (2) 19. (3) 20. (2)
21. (2) 22. (4) 23. (1) 24. (1)
25. (2) 26. (1) 27. (2) 28. (2)
29. (3) 30. (2) 31. (4) 32. (2)
33. (3) 34. (3) 35. (3) 36. (2)
37. (1) 38. (3) 39. (2) 40. (2)
41. (1) 42. (4) 43. (4) 44. (2)
45. (2) 46. (3) 47. (2) 48. (2)
49. (2) 50. (3) 51. (3) 52. (4)
53. (1) 54. (4) 55. (4) 56. (1)
57. (2) 58. (1) 59. (1) 60. (4)
61. (3) 62. (1) 63. (3) 64. (4)
65. (2) 66. (4) 67. (3) 68. (2)
69. (4) 70. (4) 71. (1)   72. (2)
73. (2) 74. (4) 75. (1) 76. (4)
77. (2) 78. (3) 79. (4)  80. (4)
81. (2) 82. (3) 83. (1) 84. (2)
85. (3) 86. (1) 87. (4) 88. (1)
89. (4) 90. (1) 91. (1) 92. (2)
93. (2) 94. (2) 95. (3) 96. (3)
97. (4) 98. (1) 99. (3) 100.(2)
101.(4) 102. (2) 103. (1) 104.(3)
105.(2) 106. (2) 107. (4) 108.(2)
109.(2) 110. (2) 111. (2) 112.(4)
113.(3) 114. (2) 115. (1) 116.(3)
117.(3) 118. (1) 119. (1) 120.(2)
121.(4) 122. (2) 123. (4) 124.(4)
125.(1) 126. (2) 127. (1) 128.(2)
129.(1) 130. (2) 131. (2) 132.(1)
133.(4) 134. (3) 135. (2) 136.(4)
137.(4) 138. (3) 139. (3) 140.(2)
141.(1) 142. (2) 143. (3) 144.(2)
145.(3) 146. (3) 147. (3) 148.(4)
149.(4) 150. (1) 151. (3) 152.(4)
153.(4) 154. (1) 155. (2) 156.(4)
157.(3) 158. (3) 159. (2) 160.(1)
161. (3) 162.(3) 163. (2) 164. (1)
165. (2) 166.(1) 167. (4) 168. (2)
169. (2) 170.(2) 171. (3) 172. (2)
173. (4) 174.(1) 175. (3) 176. (4)
177. (1) 178.(1) 179. (1) 180. (2)
181. (1) 182.(1) 183. (1) 184. (3)
185. (2) 186.(3) 187. (1) 188. (1)
189. (4) 190.(1) 191. (3) 192. (2)
193. (3) 194.(1) 195. (1) 196. (2)
197. (1) 198.(3) 199. (4) 200. (1)
201. (2) 202.(2) 203. (1) 204. (2)
205. (1) 206.(1) 207. (3) 208. (3)
209. (4) 210.(3) 211. (2) 212. (1)
213. (4) 214.(1) 215. (3) 216. (4)
217. (4) 218.(1) 219. (3) 220. (4)
221. (4) 222.(1) 223. (2) 224. (2)
225. (3) 226.(3) 227. (4) 228. (3)
229. (2) 230.(1) 231. (3) 232. (1)
233. (3) 234.(3) 235. (1) 236. (1)
237. (4) 238.(4) 239. (2) 240. (2)
241. (1) 242.(2) 243. (2) 244. (4)
245. (4) 246.(1) 247. (2) 248. (3)
249. (2) 250.(3) 251. (3) 252. (4)
253. (2) 254.(4) 255. (4) 256. (1)
257. (2) 258.(3) 259. (4) 260. (2)
261. (1) 262.(4) 263. (1) 264. (1)
265. (4) 266.(4) 267. (1) 268. (1)
269. (4) 270.(1) 271. (1) 272. (4)
273. (4) 274.(2) 275. (4) 276. (1)
277. (2) 278.(2) 279. (2) 280. (3)
281. (3) 282.(3) 283. (4) 284. (4)
285. (1) 286.(4) 287. (3) 288. (3)
289. (4) 290.(3) 291. (1) 292. (2)
293. (1) 294.(3) 295. (3) 296. (2)
297. (4) 298.(3) 299. (1) 300. (3)
301. (3) 302.(1) 303. (4) 304. (4)
305. (1) 306.(1) 307. (4) 308. (2)
309. (3) 310.(3) 311. (2) 312. (3)
313. (1) 314.(4) 315. (2) 316. (3)
317. (4) 318.(4) 319. (3) 320. (2)
321. (4) 322.(2) 323. (1) 324. (1)
325. (3) 326.(1) 327. (4) 328. (1)
329.(1) 330. (3) 331.(4) 332. (4)
333.(4) 334. (2) 335.(2) 336. (1)
337.(4) 338. (3) 339.(3) 340. (3)
341.(2) 342. (1) 343.(4) 344. (3)
345.(1) 346. (4) 347.(1) 348. (1)
349.(1) 350. (2) 351.(3) 352. (4)
353.(3) 354. (1) 355.(4) 356. (2)
357.(2) 358. (1) 359.(3) 360. (4)
361.(3) 362. (2) 363.(1) 364. (4)
365.(1) 366. (1) 367.(4) 368. (2)
369.(2) 370. (3) 371.(3) 372. (3)
373.(4) 374. (2) 375.(2) 376. (3)
377.(1) 378. (1) 379.(4) 380. (3)
381.(1) 382. (4) 383.(1) 384. (2)
385.(4) 386. (4) 387.(4) 388. (1)
389.(4) 390. (3) 391.(2) 392. (2)
393.(2) 394. (1) 395.(4) 396. (3)
397.(3) 398. (4) 399.(1) 400. (1)
401.(4) 402. (3) 403.(3) 404. (3)
405.(2) 406. (4) 407.(2) 408. (4)
409.(4) 410. (1) 411.(2) 412. (4)
413.(1) 414. (4) 415.(3) 416. (1)
417.(2) 418. (3) 419.(3) 420. (4)
421.(1) 422. (4) 423.(4) 424. (3)
425.(3) 426. (3) 427.(3) 428. (3)
429.(4) 430. (4) 431.(3) 432. (2)
433.(3) 434. (4) 435.(1) 436. (1)
437.(3) 438. (3) 439.(2) 440. (1)
441.(2) 442. (1) 443.(2) 444. (3)
445.(1) 446. (3) 447.(4) 448. (1)
449.(1) 450. (4) 451.(2) 452. (3)
453.(1) 454. (1) 455.(3) 456. (2)
457.(3) 458. (3) 459.(3) 460. (1)
461.(3) 462. (4) 463.(1) 464. (4)
465.(3) 466. (3) 467.(4) 468. (2)
469.(3) 470. (1) 471.(3) 472. (4)
473.(3) 474. (4) 475.(4) 476. (3)
477.(3) 478. (3) 479.(3) 480. (4)
481.(4) 482. (2) 483.(1) 484. (1)
485.(2) 486. (2) 487.(4) 488. (1)
489.(1) 490. (1) 491.(1) 492. (4)
493.(3) 494. (3) 495.(1) 496. (1)
--- PAGE 2 ---
IDIOMS/PHRASES
SEE–796
497.(4) 498. (2) 499. (2) 500.(3)
501.(3) 502. (1) 503. (3) 504.(3)
505.(3) 506. (4) 507. (3) 508.(3)
509.(1) 510. (2) 511. (3) 512.(2)
513.(2) 514. (1) 515. (3) 516.(4)
517.(4) 518. (2) 519. (1) 520.(2)
521.(2) 522. (1) 523. (2) 524.(1)
525.(2) 526. (2) 527. (3) 528.(3)
529.(3) 530. (3) 531. (3) 532.(4)
533.(1) 534. (2) 535. (2) 536.(4)
537.(4) 538. (3) 539. (3) 540.(1)
541.(3) 542. (2) 543. (1) 544.(1)
545.(3) 546. (1) 547. (2) 548.(1)
549.(4) 550. (4) 551. (3) 552.(1)
553.(1) 554. (1) 555. (2) 556.(3)
557.(2) 558. (3) 559. (4) 560.(2)
561.(3) 562. (3) 563. (2) 564.(1)
565.(1) 566. (3) 567. (3) 568.(4)
569.(1) 570. (3) 571. (2) 572.(4)
573.(3) 574. (2) 575. (4) 576.(3)
577.(2) 578. (2) 579. (1) 580.(4)
581.(2) 582. (2) 583. (3) 584.(1)
585.(4) 586. (3) 587. (2) 588.(3)
589.(4) 590. (2) 591. (1) 592.(3)
593.(2) 594. (2) 595. (2) 596.(3)
597.(2) 598. (2) 599. (4) 600.(2)
601.(2) 602. (2) 603. (3) 604.(4)
605.(4) 606. (2) 607. (3) 608.(2)
609.(3) 610. (2) 611. (3) 612.(2)
613.(3) 614. (3) 615. (1) 616.(4)
617.(2) 618. (1) 619. (2) 620.(1)
621.(2) 622. (3) 623. (3) 624.(3)
625.(4) 626. (1) 627. (2) 628.(4)
629.(1) 630. (3) 631. (2) 632.(3)
633.(3) 634. (4) 635. (2) 636.(1)
637.(3) 638. (1) 639. (3) 640.(2)
641.(1) 642. (4) 643. (1) 644.(2)
645.(3) 646. (3) 647. (3) 648.(3)
649.(4) 650. (4) 651. (4) 652.(1)
653.(2) 654. (2) 655. (2) 656.(2)
657.(3) 658. (2) 659. (4) 660.(1)
661.(1) 662. (2) 663. (2) 664.(1)
665.(3) 666. (4) 667. (3) 668.(2)
669.(2) 670. (1) 671. (1) 672.(4)
673. (2) 674.(2) 675. (4) 676. (1)
677. (4) 678.(3) 679. (2) 680. (4)
681. (4) 682.(2) 683. (1) 684. (3)
685. (4) 686.(2) 687. (2) 688. (2)
689. (2) 690.(3) 691. (3) 692. (4)
693. (1) 694.(2) 695. (4) 696. (2)
697. (3) 698.(4) 699. (2) 700. (3)
701. (3) 702.(1) 703. (2) 704. (3)
705. (4) 706.(3) 707. (1) 708. (4)
709. (1) 710.(4) 711. (4) 712. (3)
713. (4) 714.(1) 715. (2) 716. (2)
717. (2) 718.(4) 719. (4) 720. (2)
721. (4) 722.(3) 723. (2) 724. (2)
725. (1) 726.(4) 727. (3) 728. (4)
729. (1) 730.(2) 731. (3) 732. (2)
733. (2) 734.(1) 735. (1) 736. (4)
737. (1) 738.(2) 739. (4) 740. (1)
741. (2) 742.(2) 743. (2) 744. (3)
745. (2) 746.(1) 747. (4) 748. (4)
749. (3) 750.(1) 751. (4) 752. (2)
753. (1) 754.(3) 755. (3) 756. (1)
757. (1) 758.(3) 759. (1) 760. (3)
761. (2) 762.(3) 763. (4) 764. (1)
765. (3) 766.(1) 767. (1) 768. (3)
769. (1) 770.(2) 771. (3) 772. (1)
773. (4) 774.(4) 775. (3) 776. (1)
777. (2) 778.(1) 779. (2) 780. (4)
781. (4) 782.(4) 783. (3) 784. (1)
785. (1) 786.(1) 787. (1) 788. (1)
789. (2) 790.(3) 791. (2) 792. (4)
793. (3) 794.(2) 795. (2) 796. (3)
797. (2) 798.(1) 799. (2) 800. (3)
801. (4) 802.(4) 803. (4) 804. (3)
805. (4) 806.(4) 807. (2) 808. (1)
809. (3) 810.(4) 811. (1) 812. (3)
813. (2) 814.(4) 815. (3) 816. (3)
817. (3) 818.(3) 819. (4) 820. (2)
821. (2) 822.(3) 823. (1) 824. (2)
825. (1) 826.(1) 827. (2) 828. (1)
829. (1) 830.(4) 831. (4) 832. (2)
833. (3) 834.(4) 835. (2) 836. (3)
837. (3) 838.(1) 839. (3) 840. (1)
841. (3) 842.(4) 843. (4) 844. (3)
845. (4) 846.(1) 847. (2) 848. (3)
849.(3) 850. (3) 851.(1) 852. (1)
853.(2) 854. (2) 855.(4) 856. (1)
857.(2) 858. (1) 859.(1) 860. (2)
861.(4) 862. (2) 863.(2) 864. (1)
865.(2) 866. (4) 867.(1) 868. (2)
869.(1) 870. (3) 871.(2) 872. (1)
873.(4) 874. (4) 875.(4) 876. (4)
877.(1) 878. (2) 879.(3) 880. (4)
881.(4) 882. (3) 883.(4) 884. (1)
885.(2) 886. (1) 887.(3) 888. (3)
889.(4) 890. (3) 891.(1) 892. (4)
893.(1) 894. (4) 895.(4) 896. (1)
897.(2) 898. (2) 899.(4) 900. (3)
901.(4) 902. (3) 903.(2) 904. (4)
905.(2) 906. (1) 907.(4) 908. (3)
909.(1) 910. (3) 91/G31. (1) 91/G32. (1)
91/G33. (2) 91/G34. (1) 91/G35. (3) 91/G36. (2)
91/G37. (4) 91/G38. (1) 91/G39. (3) 920. (4)
92/G31. (4) 92/G32. (4) 92/G33. (1) 92/G34. (4)
92/G35. (2) 92/G36. (3) 92/G37. (1) 92/G38. (1)
92/G39. (1) 930. (3) 93/G31. (2) 93/G32. (3)
93/G33. (1) 934. (3) 935.(3) 936. (4)
93/G37. (3) 93/G38. (4) 93/G39. (2) 940. (4)
94/G31. (2) 942. (3) 94/G33. (2) 94/G34. (4)
94/G35. (4) 94/G36. (1) 94/G37. (3) 94/G38. (2)
949.(3) 95/G30. (2) 95/G31. (4) 95/G32. (1)
95/G33. (4) 95/G34. (2) 95/G35. (1) 95/G36. (3)
957.(1) 95/G38. (4) 95/G39. (4) 960. (4)
96/G31. (2) 96/G32. (2) 963.(3) 964. (4)
96/G35. (1) 96/G36. (3) 96/G37. (4) 968. (1)
96/G39. (3) 970. (4) 97/G31. (1) 97/G32. (4)
97/G33. (1) 97/G34. (4) 97/G35. (1) 97/G36. (2)
97/G37. (4) 97/G38. (1) 97/G39. (2) 980. (4)
98/G31. (1) 98/G32. (1) 98/G33. (2) 984. (1)
985.(3) 986. (3) 987.(3) 988. (4)
989.(4) 990. (1) 991.(4) 992. (1)
993.(3) 994. (2) 995.(4) 996. (1)
997.(1) 998. (1) 999.(4) 1000.(2)
1001.(4) 1002.(3) 1003.(3) 1004.(4)
1005.(2) 1006.(2) 1007.(1) 1008.(2)
1009.(2) 1010.(4) 1011.(3) 1012.(4)
1013.(3) 1014.(1) 1015.(2) 1016.(1)
1017.(2) 1018.(1)